sam6: Ventilation experiment
ROCKS----1----*----2----*----3----*----4----*----5----*----6----*----7----*----8
MATRI    2     2706.       .01 1.000E-17 1.000E-17 1.000E-17       2.1    -1000.
 2.000E-11                     1.000E+00
   11            .00       .00
   11      3.000E+00 1.000E+06
DRIFT    2     2706.       .99 1.000E-17 1.000E-17 1.000E-17       2.1     1000.
                               0.000E+00
    5
    1      0.500E+08 0.000E+00 0.999E+00

PARAM----1----*----2----*----3----*----4----*----5----*----6----*----7----*----8
  -31000    1000100000000000000400003000 0.241E-04 2.334E+00 0.000E+00
          8.64000E06       -1. 0.864E+15
 0.100E+01

               5.0E5              0.1E-1                13.0
MULTI----1----*----2----*----3----*----4----*----5----*----6----*----7----*----8
    2    3    2    6
START----1----*----2----*----3----*----4----*----5----*----6----*----7----*----8
ELEME ---   203    3    0  200    .00100     6.750
XX  1              2 .9621E+03 .1924E+02           .8755E+00          -.5000E+00
RR  2              1 .1100E-01 .2200E-01           .1750E+01          -.5000E+00
RR  3              1 .1127E-01 .2254E-01           .1752E+01          -.5000E+00
RR  4              1 .1155E-01 .2310E-01           .1753E+01          -.5000E+00
RR  5              1 .1184E-01 .2367E-01           .1754E+01          -.5000E+00
RR  6              1 .1213E-01 .2426E-01           .1755E+01          -.5000E+00
RR  7              1 .1243E-01 .2486E-01           .1756E+01          -.5000E+00
RR  8              1 .1274E-01 .2548E-01           .1757E+01          -.5000E+00
RR  9              1 .1306E-01 .2612E-01           .1758E+01          -.5000E+00
RR 10              1 .1338E-01 .2677E-01           .1759E+01          -.5000E+00
RR 11              1 .1372E-01 .2743E-01           .1761E+01          -.5000E+00
RR 12              1 .1406E-01 .2812E-01           .1762E+01          -.5000E+00
RR 13              1 .1441E-01 .2882E-01           .1763E+01          -.5000E+00
RR 14              1 .1477E-01 .2954E-01           .1764E+01          -.5000E+00
RR 15              1 .1514E-01 .3027E-01           .1766E+01          -.5000E+00
RR 16              1 .1551E-01 .3103E-01           .1767E+01          -.5000E+00
RR 17              1 .1590E-01 .3181E-01           .1769E+01          -.5000E+00
RR 18              1 .1630E-01 .3260E-01           .1770E+01          -.5000E+00
RR 19              1 .1671E-01 .3342E-01           .1771E+01          -.5000E+00
RR 20              1 .1713E-01 .3426E-01           .1773E+01          -.5000E+00
RR 21              1 .1756E-01 .3511E-01           .1775E+01          -.5000E+00
RR 22              1 .1800E-01 .3600E-01           .1776E+01          -.5000E+00
RR 23              1 .1845E-01 .3690E-01           .1778E+01          -.5000E+00
RR 24              1 .1891E-01 .3783E-01           .1779E+01          -.5000E+00
RR 25              1 .1939E-01 .3878E-01           .1781E+01          -.5000E+00
RR 26              1 .1988E-01 .3976E-01           .1783E+01          -.5000E+00
RR 27              1 .2038E-01 .4076E-01           .1785E+01          -.5000E+00
RR 28              1 .2089E-01 .4179E-01           .1787E+01          -.5000E+00
RR 29              1 .2142E-01 .4285E-01           .1788E+01          -.5000E+00
RR 30              1 .2196E-01 .4393E-01           .1790E+01          -.5000E+00
RR 31              1 .2252E-01 .4504E-01           .1792E+01          -.5000E+00
RR 32              1 .2309E-01 .4618E-01           .1794E+01          -.5000E+00
RR 33              1 .2368E-01 .4735E-01           .1796E+01          -.5000E+00
RR 34              1 .2428E-01 .4856E-01           .1799E+01          -.5000E+00
RR 35              1 .2490E-01 .4979E-01           .1801E+01          -.5000E+00
RR 36              1 .2553E-01 .5106E-01           .1803E+01          -.5000E+00
RR 37              1 .2618E-01 .5236E-01           .1805E+01          -.5000E+00
RR 38              1 .2685E-01 .5370E-01           .1808E+01          -.5000E+00
RR 39              1 .2753E-01 .5507E-01           .1810E+01          -.5000E+00
RR 40              1 .2824E-01 .5647E-01           .1812E+01          -.5000E+00
RR 41              1 .2896E-01 .5792E-01           .1815E+01          -.5000E+00
RR 42              1 .2970E-01 .5941E-01           .1817E+01          -.5000E+00
RR 43              1 .3047E-01 .6093E-01           .1820E+01          -.5000E+00
RR 44              1 .3125E-01 .6250E-01           .1823E+01          -.5000E+00
RR 45              1 .3205E-01 .6411E-01           .1826E+01          -.5000E+00
RR 46              1 .3288E-01 .6576E-01           .1828E+01          -.5000E+00
RR 47              1 .3373E-01 .6745E-01           .1831E+01          -.5000E+00
RR 48              1 .3460E-01 .6920E-01           .1834E+01          -.5000E+00
RR 49              1 .3549E-01 .7099E-01           .1837E+01          -.5000E+00
RR 50              1 .3641E-01 .7283E-01           .1840E+01          -.5000E+00
RR 51              1 .3736E-01 .7472E-01           .1844E+01          -.5000E+00
RR 52              1 .3833E-01 .7666E-01           .1847E+01          -.5000E+00
RR 53              1 .3933E-01 .7866E-01           .1850E+01          -.5000E+00
RR 54              1 .4035E-01 .8071E-01           .1854E+01          -.5000E+00
RR 55              1 .4141E-01 .8282E-01           .1857E+01          -.5000E+00
RR 56              1 .4249E-01 .8498E-01           .1861E+01          -.5000E+00
RR 57              1 .4361E-01 .8721E-01           .1864E+01          -.5000E+00
RR 58              1 .4475E-01 .8950E-01           .1868E+01          -.5000E+00
RR 59              1 .4593E-01 .9186E-01           .1872E+01          -.5000E+00
RR 60              1 .4714E-01 .9428E-01           .1876E+01          -.5000E+00
RR 61              1 .4838E-01 .9676E-01           .1880E+01          -.5000E+00
RR 62              1 .4966E-01 .9932E-01           .1884E+01          -.5000E+00
RR 63              1 .5098E-01 .1020E+00           .1888E+01          -.5000E+00
RR 64              1 .5233E-01 .1047E+00           .1893E+01          -.5000E+00
RR 65              1 .5372E-01 .1074E+00           .1897E+01          -.5000E+00
RR 66              1 .5515E-01 .1103E+00           .1902E+01          -.5000E+00
RR 67              1 .5663E-01 .1133E+00           .1906E+01          -.5000E+00
RR 68              1 .5814E-01 .1163E+00           .1911E+01          -.5000E+00
RR 69              1 .5970E-01 .1194E+00           .1916E+01          -.5000E+00
RR 70              1 .6130E-01 .1226E+00           .1921E+01          -.5000E+00
RR 71              1 .6296E-01 .1259E+00           .1926E+01          -.5000E+00
RR 72              1 .6465E-01 .1293E+00           .1932E+01          -.5000E+00
RR 73              1 .6640E-01 .1328E+00           .1937E+01          -.5000E+00
RR 74              1 .6820E-01 .1364E+00           .1942E+01          -.5000E+00
RR 75              1 .7006E-01 .1401E+00           .1948E+01          -.5000E+00
RR 76              1 .7196E-01 .1439E+00           .1954E+01          -.5000E+00
RR 77              1 .7393E-01 .1479E+00           .1960E+01          -.5000E+00
RR 78              1 .7595E-01 .1519E+00           .1966E+01          -.5000E+00
RR 79              1 .7803E-01 .1561E+00           .1972E+01          -.5000E+00
RR 80              1 .8018E-01 .1604E+00           .1979E+01          -.5000E+00
RR 81              1 .8239E-01 .1648E+00           .1985E+01          -.5000E+00
RR 82              1 .8467E-01 .1693E+00           .1992E+01          -.5000E+00
RR 83              1 .8701E-01 .1740E+00           .1999E+01          -.5000E+00
RR 84              1 .8943E-01 .1789E+00           .2006E+01          -.5000E+00
RR 85              1 .9192E-01 .1838E+00           .2013E+01          -.5000E+00
RR 86              1 .9449E-01 .1890E+00           .2020E+01          -.5000E+00
RR 87              1 .9713E-01 .1943E+00           .2028E+01          -.5000E+00
RR 88              1 .9986E-01 .1997E+00           .2035E+01          -.5000E+00
RR 89              1 .1027E+00 .2053E+00           .2043E+01          -.5000E+00
RR 90              1 .1056E+00 .2111E+00           .2051E+01          -.5000E+00
RR 91              1 .1086E+00 .2171E+00           .2060E+01          -.5000E+00
RR 92              1 .1116E+00 .2233E+00           .2068E+01          -.5000E+00
RR 93              1 .1148E+00 .2297E+00           .2077E+01          -.5000E+00
RR 94              1 .1181E+00 .2362E+00           .2086E+01          -.5000E+00
RR 95              1 .1215E+00 .2430E+00           .2095E+01          -.5000E+00
RR 96              1 .1250E+00 .2500E+00           .2104E+01          -.5000E+00
RR 97              1 .1286E+00 .2572E+00           .2114E+01          -.5000E+00
RR 98              1 .1323E+00 .2646E+00           .2124E+01          -.5000E+00
RR 99              1 .1362E+00 .2723E+00           .2134E+01          -.5000E+00
RR1 0              1 .1401E+00 .2802E+00           .2144E+01          -.5000E+00
RR1 1              1 .1442E+00 .2884E+00           .2154E+01          -.5000E+00
RR1 2              1 .1484E+00 .2969E+00           .2165E+01          -.5000E+00
RR1 3              1 .1528E+00 .3056E+00           .2176E+01          -.5000E+00
RR1 4              1 .1573E+00 .3146E+00           .2188E+01          -.5000E+00
RR1 5              1 .1620E+00 .3239E+00           .2199E+01          -.5000E+00
RR1 6              1 .1668E+00 .3336E+00           .2211E+01          -.5000E+00
RR1 7              1 .1718E+00 .3435E+00           .2223E+01          -.5000E+00
RR1 8              1 .1769E+00 .3538E+00           .2236E+01          -.5000E+00
RR1 9              1 .1822E+00 .3644E+00           .2248E+01          -.5000E+00
RR110              1 .1877E+00 .3754E+00           .2261E+01          -.5000E+00
RR111              1 .1934E+00 .3867E+00           .2275E+01          -.5000E+00
RR112              1 .1992E+00 .3985E+00           .2288E+01          -.5000E+00
RR113              1 .2053E+00 .4106E+00           .2303E+01          -.5000E+00
RR114              1 .2116E+00 .4232E+00           .2317E+01          -.5000E+00
RR115              1 .2181E+00 .4362E+00           .2332E+01          -.5000E+00
RR116              1 .2248E+00 .4496E+00           .2347E+01          -.5000E+00
RR117              1 .2317E+00 .4635E+00           .2362E+01          -.5000E+00
RR118              1 .2389E+00 .4779E+00           .2378E+01          -.5000E+00
RR119              1 .2464E+00 .4928E+00           .2394E+01          -.5000E+00
RR120              1 .2541E+00 .5082E+00           .2411E+01          -.5000E+00
RR121              1 .2621E+00 .5241E+00           .2428E+01          -.5000E+00
RR122              1 .2703E+00 .5407E+00           .2445E+01          -.5000E+00
RR123              1 .2789E+00 .5578E+00           .2463E+01          -.5000E+00
RR124              1 .2877E+00 .5755E+00           .2481E+01          -.5000E+00
RR125              1 .2969E+00 .5939E+00           .2500E+01          -.5000E+00
RR126              1 .3064E+00 .6129E+00           .2519E+01          -.5000E+00
RR127              1 .3163E+00 .6326E+00           .2538E+01          -.5000E+00
RR128              1 .3265E+00 .6530E+00           .2559E+01          -.5000E+00
RR129              1 .3371E+00 .6742E+00           .2579E+01          -.5000E+00
RR130              1 .3481E+00 .6961E+00           .2600E+01          -.5000E+00
RR131              1 .3594E+00 .7189E+00           .2622E+01          -.5000E+00
RR132              1 .3712E+00 .7424E+00           .2644E+01          -.5000E+00
RR133              1 .3834E+00 .7669E+00           .2666E+01          -.5000E+00
RR134              1 .3961E+00 .7923E+00           .2690E+01          -.5000E+00
RR135              1 .4093E+00 .8186E+00           .2713E+01          -.5000E+00
RR136              1 .4229E+00 .8459E+00           .2738E+01          -.5000E+00
RR137              1 .4371E+00 .8742E+00           .2763E+01          -.5000E+00
RR138              1 .4518E+00 .9036E+00           .2788E+01          -.5000E+00
RR139              1 .4671E+00 .9342E+00           .2814E+01          -.5000E+00
RR140              1 .4829E+00 .9658E+00           .2841E+01          -.5000E+00
RR141              1 .4994E+00 .9987E+00           .2868E+01          -.5000E+00
RR142              1 .5164E+00 .1033E+01           .2896E+01          -.5000E+00
RR143              1 .5342E+00 .1068E+01           .2925E+01          -.5000E+00
RR144              1 .5526E+00 .1105E+01           .2954E+01          -.5000E+00
RR145              1 .5717E+00 .1143E+01           .2985E+01          -.5000E+00
RR146              1 .5916E+00 .1183E+01           .3015E+01          -.5000E+00
RR147              1 .6123E+00 .1225E+01           .3047E+01          -.5000E+00
RR148              1 .6337E+00 .1267E+01           .3079E+01          -.5000E+00
RR149              1 .6561E+00 .1312E+01           .3113E+01          -.5000E+00
RR150              1 .6793E+00 .1359E+01           .3146E+01          -.5000E+00
RR151              1 .7034E+00 .1407E+01           .3181E+01          -.5000E+00
RR152              1 .7285E+00 .1457E+01           .3217E+01          -.5000E+00
RR153              1 .7545E+00 .1509E+01           .3253E+01          -.5000E+00
RR154              1 .7817E+00 .1563E+01           .3291E+01          -.5000E+00
RR155              1 .8099E+00 .1620E+01           .3329E+01          -.5000E+00
RR156              1 .8392E+00 .1678E+01           .3368E+01          -.5000E+00
RR157              1 .8698E+00 .1740E+01           .3408E+01          -.5000E+00
RR158              1 .9015E+00 .1803E+01           .3449E+01          -.5000E+00
RR159              1 .9346E+00 .1869E+01           .3491E+01          -.5000E+00
RR160              1 .9690E+00 .1938E+01           .3535E+01          -.5000E+00
RR161              1 .1005E+01 .2010E+01           .3579E+01          -.5000E+00
RR162              1 .1042E+01 .2084E+01           .3624E+01          -.5000E+00
RR163              1 .1081E+01 .2162E+01           .3670E+01          -.5000E+00
RR164              1 .1121E+01 .2243E+01           .3718E+01          -.5000E+00
RR165              1 .1164E+01 .2327E+01           .3766E+01          -.5000E+00
RR166              1 .1208E+01 .2415E+01           .3816E+01          -.5000E+00
RR167              1 .1253E+01 .2506E+01           .3867E+01          -.5000E+00
RR168              1 .1301E+01 .2602E+01           .3919E+01          -.5000E+00
RR169              1 .1351E+01 .2701E+01           .3973E+01          -.5000E+00
RR170              1 .1402E+01 .2804E+01           .4028E+01          -.5000E+00
RR171              1 .1456E+01 .2912E+01           .4084E+01          -.5000E+00
RR172              1 .1512E+01 .3025E+01           .4141E+01          -.5000E+00
RR173              1 .1571E+01 .3142E+01           .4200E+01          -.5000E+00
RR174              1 .1632E+01 .3264E+01           .4260E+01          -.5000E+00
RR175              1 .1696E+01 .3391E+01           .4322E+01          -.5000E+00
RR176              1 .1762E+01 .3524E+01           .4385E+01          -.5000E+00
RR177              1 .1831E+01 .3663E+01           .4450E+01          -.5000E+00
RR178              1 .1904E+01 .3807E+01           .4516E+01          -.5000E+00
RR179              1 .1979E+01 .3958E+01           .4584E+01          -.5000E+00
RR180              1 .2058E+01 .4115E+01           .4653E+01          -.5000E+00
RR181              1 .2140E+01 .4279E+01           .4725E+01          -.5000E+00
RR182              1 .2225E+01 .4450E+01           .4798E+01          -.5000E+00
RR183              1 .2314E+01 .4629E+01           .4872E+01          -.5000E+00
RR184              1 .2408E+01 .4815E+01           .4949E+01          -.5000E+00
RR185              1 .2505E+01 .5010E+01           .5027E+01          -.5000E+00
RR186              1 .2606E+01 .5213E+01           .5107E+01          -.5000E+00
RR187              1 .2712E+01 .5425E+01           .5190E+01          -.5000E+00
RR188              1 .2823E+01 .5646E+01           .5274E+01          -.5000E+00
RR189              1 .2939E+01 .5877E+01           .5360E+01          -.5000E+00
RR190              1 .3059E+01 .6119E+01           .5448E+01          -.5000E+00
RR191              1 .3185E+01 .6371E+01           .5539E+01          -.5000E+00
RR192              1 .3317E+01 .6634E+01           .5632E+01          -.5000E+00
RR193              1 .3454E+01 .6909E+01           .5726E+01          -.5000E+00
RR194              1 .3598E+01 .7196E+01           .5824E+01          -.5000E+00
RR195              1 .3748E+01 .7496E+01           .5923E+01          -.5000E+00
RR196              1 .3905E+01 .7809E+01           .6025E+01          -.5000E+00
RR197              1 .4068E+01 .8137E+01           .6129E+01          -.5000E+00
RR198              1 .4240E+01 .8479E+01           .6236E+01          -.5000E+00
RR199              1 .4418E+01 .8837E+01           .6346E+01          -.5000E+00
RR2 0              1 .4605E+01 .9210E+01           .6458E+01          -.5000E+00
RR2 1              1 .4800E+01 .9601E+01           .6573E+01          -.5000E+00
RR2 2              1 .5004E+01 .1001E+02           .6690E+01          -.5000E+00
RR2 3              1 .5004E+51 .1001E+02           .6750E+01          -.5000E+00
     
CONNE
XX  1RR  2                   1 .8745E-10 .5000E-03 .1100E+02
RR  2RR  3                   1 .5000E-03 .5121E-03 .1100E+02
RR  3RR  4                   1 .5121E-03 .5245E-03 .1101E+02
RR  4RR  5                   1 .5245E-03 .5372E-03 .1101E+02
RR  5RR  6                   1 .5372E-03 .5502E-03 .1102E+02
RR  6RR  7                   1 .5502E-03 .5635E-03 .1103E+02
RR  7RR  8                   1 .5635E-03 .5771E-03 .1104E+02
RR  8RR  9                   1 .5771E-03 .5910E-03 .1104E+02
RR  9RR 10                   1 .5910E-03 .6053E-03 .1105E+02
RR 10RR 11                   1 .6053E-03 .6200E-03 .1106E+02
RR 11RR 12                   1 .6200E-03 .6350E-03 .1107E+02
RR 12RR 13                   1 .6350E-03 .6503E-03 .1107E+02
RR 13RR 14                   1 .6503E-03 .6661E-03 .1108E+02
RR 14RR 15                   1 .6661E-03 .6822E-03 .1109E+02
RR 15RR 16                   1 .6822E-03 .6987E-03 .1110E+02
RR 16RR 17                   1 .6987E-03 .7156E-03 .1111E+02
RR 17RR 18                   1 .7156E-03 .7329E-03 .1112E+02
RR 18RR 19                   1 .7329E-03 .7506E-03 .1113E+02
RR 19RR 20                   1 .7506E-03 .7687E-03 .1114E+02
RR 20RR 21                   1 .7687E-03 .7873E-03 .1114E+02
RR 21RR 22                   1 .7873E-03 .8064E-03 .1115E+02
RR 22RR 23                   1 .8064E-03 .8259E-03 .1116E+02
RR 23RR 24                   1 .8259E-03 .8459E-03 .1118E+02
RR 24RR 25                   1 .8459E-03 .8663E-03 .1119E+02
RR 25RR 26                   1 .8663E-03 .8873E-03 .1120E+02
RR 26RR 27                   1 .8873E-03 .9087E-03 .1121E+02
RR 27RR 28                   1 .9087E-03 .9307E-03 .1122E+02
RR 28RR 29                   1 .9307E-03 .9532E-03 .1123E+02
RR 29RR 30                   1 .9532E-03 .9763E-03 .1124E+02
RR 30RR 31                   1 .9763E-03 .9999E-03 .1126E+02
RR 31RR 32                   1 .9999E-03 .1024E-02 .1127E+02
RR 32RR 33                   1 .1024E-02 .1049E-02 .1128E+02
RR 33RR 34                   1 .1049E-02 .1074E-02 .1129E+02
RR 34RR 35                   1 .1074E-02 .1100E-02 .1131E+02
RR 35RR 36                   1 .1100E-02 .1127E-02 .1132E+02
RR 36RR 37                   1 .1127E-02 .1154E-02 .1134E+02
RR 37RR 38                   1 .1154E-02 .1182E-02 .1135E+02
RR 38RR 39                   1 .1182E-02 .1211E-02 .1136E+02
RR 39RR 40                   1 .1211E-02 .1240E-02 .1138E+02
RR 40RR 41                   1 .1240E-02 .1270E-02 .1140E+02
RR 41RR 42                   1 .1270E-02 .1301E-02 .1141E+02
RR 42RR 43                   1 .1301E-02 .1332E-02 .1143E+02
RR 43RR 44                   1 .1332E-02 .1364E-02 .1144E+02
RR 44RR 45                   1 .1364E-02 .1397E-02 .1146E+02
RR 45RR 46                   1 .1397E-02 .1431E-02 .1148E+02
RR 46RR 47                   1 .1431E-02 .1466E-02 .1150E+02
RR 47RR 48                   1 .1466E-02 .1501E-02 .1152E+02
RR 48RR 49                   1 .1501E-02 .1537E-02 .1153E+02
RR 49RR 50                   1 .1537E-02 .1575E-02 .1155E+02
RR 50RR 51                   1 .1575E-02 .1613E-02 .1157E+02
RR 51RR 52                   1 .1613E-02 .1652E-02 .1159E+02
RR 52RR 53                   1 .1652E-02 .1692E-02 .1161E+02
RR 53RR 54                   1 .1692E-02 .1732E-02 .1164E+02
RR 54RR 55                   1 .1732E-02 .1774E-02 .1166E+02
RR 55RR 56                   1 .1774E-02 .1817E-02 .1168E+02
RR 56RR 57                   1 .1817E-02 .1861E-02 .1170E+02
RR 57RR 58                   1 .1861E-02 .1906E-02 .1173E+02
RR 58RR 59                   1 .1906E-02 .1952E-02 .1175E+02
RR 59RR 60                   1 .1952E-02 .2000E-02 .1177E+02
RR 60RR 61                   1 .2000E-02 .2048E-02 .1180E+02
RR 61RR 62                   1 .2048E-02 .2097E-02 .1183E+02
RR 62RR 63                   1 .2097E-02 .2148E-02 .1185E+02
RR 63RR 64                   1 .2148E-02 .2200E-02 .1188E+02
RR 64RR 65                   1 .2200E-02 .2253E-02 .1191E+02
RR 65RR 66                   1 .2253E-02 .2308E-02 .1193E+02
RR 66RR 67                   1 .2308E-02 .2364E-02 .1196E+02
RR 67RR 68                   1 .2364E-02 .2421E-02 .1199E+02
RR 68RR 69                   1 .2421E-02 .2479E-02 .1202E+02
RR 69RR 70                   1 .2479E-02 .2539E-02 .1206E+02
RR 70RR 71                   1 .2539E-02 .2601E-02 .1209E+02
RR 71RR 72                   1 .2601E-02 .2664E-02 .1212E+02
RR 72RR 73                   1 .2664E-02 .2728E-02 .1215E+02
RR 73RR 74                   1 .2728E-02 .2794E-02 .1219E+02
RR 74RR 75                   1 .2794E-02 .2862E-02 .1222E+02
RR 75RR 76                   1 .2862E-02 .2931E-02 .1226E+02
RR 76RR 77                   1 .2931E-02 .3002E-02 .1230E+02
RR 77RR 78                   1 .3002E-02 .3074E-02 .1233E+02
RR 78RR 79                   1 .3074E-02 .3149E-02 .1237E+02
RR 79RR 80                   1 .3149E-02 .3225E-02 .1241E+02
RR 80RR 81                   1 .3225E-02 .3303E-02 .1245E+02
RR 81RR 82                   1 .3303E-02 .3383E-02 .1249E+02
RR 82RR 83                   1 .3383E-02 .3464E-02 .1254E+02
RR 83RR 84                   1 .3464E-02 .3548E-02 .1258E+02
RR 84RR 85                   1 .3548E-02 .3634E-02 .1262E+02
RR 85RR 86                   1 .3634E-02 .3722E-02 .1267E+02
RR 86RR 87                   1 .3722E-02 .3812E-02 .1272E+02
RR 87RR 88                   1 .3812E-02 .3904E-02 .1276E+02
RR 88RR 89                   1 .3904E-02 .3999E-02 .1281E+02
RR 89RR 90                   1 .3999E-02 .4095E-02 .1286E+02
RR 90RR 91                   1 .4095E-02 .4194E-02 .1292E+02
RR 91RR 92                   1 .4194E-02 .4296E-02 .1297E+02
RR 92RR 93                   1 .4296E-02 .4400E-02 .1302E+02
RR 93RR 94                   1 .4400E-02 .4506E-02 .1308E+02
RR 94RR 95                   1 .4506E-02 .4615E-02 .1313E+02
RR 95RR 96                   1 .4615E-02 .4727E-02 .1319E+02
RR 96RR 97                   1 .4727E-02 .4841E-02 .1325E+02
RR 97RR 98                   1 .4841E-02 .4958E-02 .1331E+02
RR 98RR 99                   1 .4958E-02 .5078E-02 .1337E+02
RR 99RR1 0                   1 .5078E-02 .5201E-02 .1344E+02
RR1 0RR1 1                   1 .5201E-02 .5327E-02 .1350E+02
RR1 1RR1 2                   1 .5327E-02 .5455E-02 .1357E+02
RR1 2RR1 3                   1 .5455E-02 .5587E-02 .1364E+02
RR1 3RR1 4                   1 .5587E-02 .5723E-02 .1371E+02
RR1 4RR1 5                   1 .5723E-02 .5861E-02 .1378E+02
RR1 5RR1 6                   1 .5861E-02 .6003E-02 .1385E+02
RR1 6RR1 7                   1 .6003E-02 .6148E-02 .1393E+02
RR1 7RR1 8                   1 .6148E-02 .6297E-02 .1401E+02
RR1 8RR1 9                   1 .6297E-02 .6449E-02 .1409E+02
RR1 9RR110                   1 .6449E-02 .6605E-02 .1417E+02
RR110RR111                   1 .6605E-02 .6765E-02 .1425E+02
RR111RR112                   1 .6765E-02 .6928E-02 .1434E+02
RR112RR113                   1 .6928E-02 .7096E-02 .1442E+02
RR113RR114                   1 .7096E-02 .7267E-02 .1451E+02
RR114RR115                   1 .7267E-02 .7443E-02 .1460E+02
RR115RR116                   1 .7443E-02 .7623E-02 .1470E+02
RR116RR117                   1 .7623E-02 .7807E-02 .1479E+02
RR117RR118                   1 .7807E-02 .7996E-02 .1489E+02
RR118RR119                   1 .7996E-02 .8190E-02 .1499E+02
RR119RR120                   1 .8190E-02 .8388E-02 .1509E+02
RR120RR121                   1 .8388E-02 .8591E-02 .1520E+02
RR121RR122                   1 .8591E-02 .8798E-02 .1531E+02
RR122RR123                   1 .8798E-02 .9011E-02 .1542E+02
RR123RR124                   1 .9011E-02 .9229E-02 .1553E+02
RR124RR125                   1 .9229E-02 .9452E-02 .1565E+02
RR125RR126                   1 .9452E-02 .9681E-02 .1577E+02
RR126RR127                   1 .9681E-02 .9915E-02 .1589E+02
RR127RR128                   1 .9915E-02 .1015E-01 .1601E+02
RR128RR129                   1 .1015E-01 .1040E-01 .1614E+02
RR129RR130                   1 .1040E-01 .1065E-01 .1627E+02
RR130RR131                   1 .1065E-01 .1091E-01 .1640E+02
RR131RR132                   1 .1091E-01 .1117E-01 .1654E+02
RR132RR133                   1 .1117E-01 .1144E-01 .1668E+02
RR133RR134                   1 .1144E-01 .1172E-01 .1683E+02
RR134RR135                   1 .1172E-01 .1200E-01 .1697E+02
RR135RR136                   1 .1200E-01 .1229E-01 .1712E+02
RR136RR137                   1 .1229E-01 .1259E-01 .1728E+02
RR137RR138                   1 .1259E-01 .1290E-01 .1744E+02
RR138RR139                   1 .1290E-01 .1321E-01 .1760E+02
RR139RR140                   1 .1321E-01 .1353E-01 .1776E+02
RR140RR141                   1 .1353E-01 .1385E-01 .1793E+02
RR141RR142                   1 .1385E-01 .1419E-01 .1811E+02
RR142RR143                   1 .1419E-01 .1453E-01 .1829E+02
RR143RR144                   1 .1453E-01 .1488E-01 .1847E+02
RR144RR145                   1 .1488E-01 .1524E-01 .1866E+02
RR145RR146                   1 .1524E-01 .1561E-01 .1885E+02
RR146RR147                   1 .1561E-01 .1599E-01 .1904E+02
RR147RR148                   1 .1599E-01 .1638E-01 .1925E+02
RR148RR149                   1 .1638E-01 .1677E-01 .1945E+02
RR149RR150                   1 .1677E-01 .1718E-01 .1966E+02
RR150RR151                   1 .1718E-01 .1759E-01 .1988E+02
RR151RR152                   1 .1759E-01 .1802E-01 .2010E+02
RR152RR153                   1 .1802E-01 .1846E-01 .2033E+02
RR153RR154                   1 .1846E-01 .1890E-01 .2056E+02
RR154RR155                   1 .1890E-01 .1936E-01 .2079E+02
RR155RR156                   1 .1936E-01 .1983E-01 .2104E+02
RR156RR157                   1 .1983E-01 .2031E-01 .2129E+02
RR157RR158                   1 .2031E-01 .2080E-01 .2154E+02
RR158RR159                   1 .2080E-01 .2130E-01 .2180E+02
RR159RR160                   1 .2130E-01 .2182E-01 .2207E+02
RR160RR161                   1 .2182E-01 .2234E-01 .2235E+02
RR161RR162                   1 .2234E-01 .2288E-01 .2263E+02
RR162RR163                   1 .2288E-01 .2344E-01 .2291E+02
RR163RR164                   1 .2344E-01 .2401E-01 .2321E+02
RR164RR165                   1 .2401E-01 .2459E-01 .2351E+02
RR165RR166                   1 .2459E-01 .2518E-01 .2382E+02
RR166RR167                   1 .2518E-01 .2579E-01 .2414E+02
RR167RR168                   1 .2579E-01 .2641E-01 .2446E+02
RR168RR169                   1 .2641E-01 .2705E-01 .2479E+02
RR169RR170                   1 .2705E-01 .2771E-01 .2513E+02
RR170RR171                   1 .2771E-01 .2838E-01 .2548E+02
RR171RR172                   1 .2838E-01 .2906E-01 .2584E+02
RR172RR173                   1 .2906E-01 .2977E-01 .2620E+02
RR173RR174                   1 .2977E-01 .3049E-01 .2658E+02
RR174RR175                   1 .3049E-01 .3122E-01 .2696E+02
RR175RR176                   1 .3122E-01 .3198E-01 .2735E+02
RR176RR177                   1 .3198E-01 .3275E-01 .2775E+02
RR177RR178                   1 .3275E-01 .3354E-01 .2816E+02
RR178RR179                   1 .3354E-01 .3435E-01 .2859E+02
RR179RR180                   1 .3435E-01 .3519E-01 .2902E+02
RR180RR181                   1 .3519E-01 .3604E-01 .2946E+02
RR181RR182                   1 .3604E-01 .3691E-01 .2991E+02
RR182RR183                   1 .3691E-01 .3780E-01 .3038E+02
RR183RR184                   1 .3780E-01 .3871E-01 .3085E+02
RR184RR185                   1 .3871E-01 .3965E-01 .3134E+02
RR185RR186                   1 .3965E-01 .4061E-01 .3184E+02
RR186RR187                   1 .4061E-01 .4159E-01 .3235E+02
RR187RR188                   1 .4159E-01 .4260E-01 .3287E+02
RR188RR189                   1 .4260E-01 .4363E-01 .3340E+02
RR189RR190                   1 .4363E-01 .4468E-01 .3395E+02
RR190RR191                   1 .4468E-01 .4576E-01 .3451E+02
RR191RR192                   1 .4576E-01 .4687E-01 .3509E+02
RR192RR193                   1 .4687E-01 .4800E-01 .3568E+02
RR193RR194                   1 .4800E-01 .4917E-01 .3628E+02
RR194RR195                   1 .4917E-01 .5035E-01 .3690E+02
RR195RR196                   1 .5035E-01 .5157E-01 .3753E+02
RR196RR197                   1 .5157E-01 .5282E-01 .3818E+02
RR197RR198                   1 .5282E-01 .5410E-01 .3884E+02
RR198RR199                   1 .5410E-01 .5541E-01 .3952E+02
RR199RR2 0                   1 .5541E-01 .5675E-01 .4022E+02
RR2 0RR2 1                   1 .5675E-01 .5812E-01 .4093E+02
RR2 1RR2 2                   1 .5812E-01 .5952E-01 .4166E+02
RR2 2RR2 3                   1 .5952E-01 .5952E-11 .4231E+02
     
     
INCON -- INITIAL CONDITIONS FOR  203 ELEMENTS AT TIME   .900000E+01
XX  1            .10000000E-01
  .1000000000000E+06  .1300000000000E+02  .9897536985191E+05
RR  2            .10000000E-01
  .9968214212018E+05  .5802059195562E+00  .9823372312908E+05
RR  3            .10000000E-01
  .9303634640471E+05  .2046479313218E+00  .9155661302459E+05
RR  4            .10000000E-01
  .8213425047484E+05  .7996851593231E-01  .8064673287502E+05
RR  5            .10000000E-01
  .6656758865912E+05  .3690046444645E-01  .6507658838884E+05
RR  6            .10000000E-01
  .5555781308670E+05  .1940206305038E-01  .5406488440352E+05
RR  7            .10000000E-01
  .5887953274396E+05  .1177618296762E-01  .5738549606547E+05
RR  8            .10000000E-01
  .6872653325521E+05  .7997664695238E-02  .6723181486625E+05
RR  9            .10000000E-01
  .7678922913556E+05  .5747227498267E-02  .7529403267202E+05
RR 10            .10000000E-01
  .8368804646390E+05  .4358243198405E-02  .8219251155855E+05
RR 11            .10000000E-01
  .8820533938058E+05  .3415069782560E-02  .8670954711652E+05
RR 12            .10000000E-01
  .9221308144520E+05  .2802009457860E-02  .9071710413598E+05
RR 13            .10000000E-01
  .9460839557242E+05  .2357552220596E-02  .9311227261395E+05
RR 14            .10000000E-01
  .9693680730410E+05  .2064822087876E-02  .9544058103383E+05
RR 15            .10000000E-01
  .9821057470547E+05  .1843910001241E-02  .9671426585221E+05
RR 16            .10000000E-01
  .9958997888814E+05  .1700107316345E-02  .9809361328001E+05
RR 17            .10000000E-01
  .1002849418629E+06  .1588655448185E-02  .9878853051873E+05
RR 18            .10000000E-01
  .1011300298769E+06  .1518845056557E-02  .9963358854386E+05
RR 19            .10000000E-01
  .1015322889195E+06  .1463681808064E-02  .1000358231985E+06
RR 20            .10000000E-01
  .1020789551050E+06  .1431718561378E-02  .1005824743941E+06
RR 21            .10000000E-01
  .1023409342648E+06  .1405904189442E-02  .1008444410934E+06
RR 22            .10000000E-01
  .1027254272908E+06  .1393148997886E-02  .1012289271126E+06
RR 23            .10000000E-01
  .1029275376456E+06  .1382477439918E-02  .1014310313640E+06
RR 24            .10000000E-01
  .1032270975031E+06  .1379175879343E-02  .1017305882120E+06
RR 25            .10000000E-01
  .1034105015647E+06  .1376109999558E-02  .1019139893832E+06
RR 26            .10000000E-01
  .1036688122567E+06  .1377232483753E-02  .1021722989174E+06
RR 27            .10000000E-01
  .1038534515143E+06  .1377897730923E-02  .1023569368310E+06
RR 28            .10000000E-01
  .1040941149065E+06  .1380997579320E-02  .1025975998545E+06
RR 29            .10000000E-01
  .1042884359493E+06  .1383492243819E-02  .1027919202708E+06
RR 30            .10000000E-01
  .1045241073802E+06  .1387454740177E-02  .1030275916333E+06
RR 31            .10000000E-01
  .1047309748442E+06  .1390884268912E-02  .1032344587972E+06
RR 32            .10000000E-01
  .1049682756534E+06  .1395241045777E-02  .1034717596328E+06
RR 33            .10000000E-01
  .1051886253049E+06  .1399208168027E-02  .1036921091328E+06
RR 34            .10000000E-01
  .1054316357421E+06  .1403792957649E-02  .1039351196138E+06
RR 35            .10000000E-01
  .1056651897918E+06  .1408119675853E-02  .1041686735820E+06
RR 36            .10000000E-01
  .1059160639155E+06  .1412880704150E-02  .1044195477427E+06
RR 37            .10000000E-01
  .1061627726849E+06  .1417495747537E-02  .1046662564658E+06
RR 38            .10000000E-01
  .1064231058068E+06  .1422430862518E-02  .1049265896134E+06
RR 39            .10000000E-01
  .1066831072504E+06  .1427307892991E-02  .1051865910293E+06
RR 40            .10000000E-01
  .1069541874461E+06  .1432431217344E-02  .1054576712411E+06
RR 41            .10000000E-01
  .1072270801364E+06  .1437549827685E-02  .1057305639143E+06
RR 42            .10000000E-01
  .1075098000993E+06  .1442874678873E-02  .1060132838863E+06
RR 43            .10000000E-01
  .1077961052408E+06  .1448237700448E-02  .1062995890171E+06
RR 44            .10000000E-01
  .1080912376302E+06  .1453777069161E-02  .1065947214109E+06
RR 45            .10000000E-01
  .1083912170131E+06  .1459384453884E-02  .1068947007867E+06
RR 46            .10000000E-01
  .1086993859275E+06  .1465148418552E-02  .1072028697027E+06
RR 47            .10000000E-01
  .1090134172486E+06  .1471002884530E-02  .1075169010189E+06
RR 48            .10000000E-01
  .1093354208363E+06  .1477004143041E-02  .1078389046063E+06
RR 49            .10000000E-01
  .1096641401885E+06  .1483113435679E-02  .1081676239549E+06
RR 50            .10000000E-01
  .1100009081819E+06  .1489366563847E-02  .1085043919470E+06
RR 51            .10000000E-01
  .1103448678332E+06  .1495737002132E-02  .1088483515954E+06
RR 52            .10000000E-01
  .1106969394658E+06  .1502248683151E-02  .1092004232260E+06
RR 53            .10000000E-01
  .1110566474463E+06  .1508885309473E-02  .1095601312037E+06
RR 54            .10000000E-01
  .1114243027600E+06  .1515656733264E-02  .1099277865150E+06
RR 55            .10000000E-01
  .1117999469545E+06  .1522557767684E-02  .1103034307069E+06
RR 56            .10000000E-01
  .1121842441650E+06  .1529603103968E-02  .1106877279149E+06
RR 57            .10000000E-01
  .1125770973779E+06  .1536786618981E-02  .1110805811253E+06
RR 58            .10000000E-01
  .1129785873639E+06  .1544110878855E-02  .1114820711085E+06
RR 59            .10000000E-01
  .1133890225961E+06  .1551577511797E-02  .1118925063382E+06
RR 60            .10000000E-01
  .1138088685796E+06  .1559195471786E-02  .1123123523189E+06
RR 61            .10000000E-01
  .1142378294445E+06  .1566956299941E-02  .1127413131810E+06
RR 62            .10000000E-01
  .1146760476813E+06  .1574861528856E-02  .1131795314147E+06
RR 63            .10000000E-01
  .1151240886254E+06  .1582918165395E-02  .1136275723561E+06
RR 64            .10000000E-01
  .1155819519523E+06  .1591125471077E-02  .1140854356798E+06
RR 65            .10000000E-01
  .1160497159512E+06  .1599481255478E-02  .1145531996758E+06
RR 66            .10000000E-01
  .1165280932164E+06  .1607996570790E-02  .1150315769381E+06
RR 67            .10000000E-01
  .1170169575833E+06  .1616666945593E-02  .1155204413018E+06
RR 68            .10000000E-01
  .1175164550451E+06  .1625492108543E-02  .1160199387604E+06
RR 69            .10000000E-01
  .1180267560855E+06  .1634472418506E-02  .1165302397975E+06
RR 70            .10000000E-01
  .1185477001168E+06  .1643601879042E-02  .1170511838253E+06
RR 71            .10000000E-01
  .1190800288092E+06  .1652889083941E-02  .1175835125146E+06
RR 72            .10000000E-01
  .1196240588679E+06  .1662337686482E-02  .1181275425700E+06
RR 73            .10000000E-01
  .1201799015269E+06  .1671945553189E-02  .1186833852256E+06
RR 74            .10000000E-01
  .1207473937410E+06  .1681707000340E-02  .1192508774359E+06
RR 75            .10000000E-01
  .1213272684168E+06  .1691628601160E-02  .1198307521086E+06
RR 76            .10000000E-01
  .1219193997495E+06  .1701706956284E-02  .1204228834372E+06
RR 77            .10000000E-01
  .1225239231404E+06  .1711936893190E-02  .1210274068247E+06
RR 78            .10000000E-01
  .1231416177602E+06  .1722328298894E-02  .1216451014408E+06
RR 79            .10000000E-01
  .1237723244403E+06  .1732874168721E-02  .1222758081170E+06
RR 80            .10000000E-01
  .1244163437589E+06  .1743573294560E-02  .1229198274318E+06
RR 81            .10000000E-01
  .1250739224954E+06  .1754425138283E-02  .1235774061645E+06
RR 82            .10000000E-01
  .1257453583195E+06  .1765428347678E-02  .1242488419847E+06
RR 83            .10000000E-01
  .1264303705825E+06  .1776573756959E-02  .1249338542433E+06
RR 84            .10000000E-01
  .1271297318867E+06  .1787863340573E-02  .1256332155440E+06
RR 85            .10000000E-01
  .1278439294903E+06  .1799302397541E-02  .1263474131434E+06
RR 86            .10000000E-01
  .1285726710169E+06  .1810878480267E-02  .1270761546657E+06
RR 87            .10000000E-01
  .1293162427154E+06  .1822587415763E-02  .1278197263599E+06
RR 88            .10000000E-01
  .1300755020092E+06  .1834433865654E-02  .1285789856498E+06
RR 89            .10000000E-01
  .1308502995439E+06  .1846411674830E-02  .1293537831799E+06
RR 90            .10000000E-01
  .1316408488577E+06  .1858511944269E-02  .1301443324897E+06
RR 91            .10000000E-01
  .1324468757879E+06  .1870725390598E-02  .1309503594149E+06
RR 92            .10000000E-01
  .1332693589362E+06  .1883049286273E-02  .1317728425594E+06
RR 93            .10000000E-01
  .1341087554389E+06  .1895488970149E-02  .1326122390574E+06
RR 94            .10000000E-01
  .1349646395991E+06  .1908025431134E-02  .1334681232128E+06
RR 95            .10000000E-01
  .1358379804783E+06  .1920658586156E-02  .1343414640879E+06
RR 96            .10000000E-01
  .1367286189636E+06  .1933382021997E-02  .1352321025682E+06
RR 97            .10000000E-01
  .1376368150773E+06  .1946181182516E-02  .1361402986775E+06
RR 98            .10000000E-01
  .1385629376237E+06  .1959053134226E-02  .1370664212190E+06
RR 99            .10000000E-01
  .1395073637133E+06  .1971987866177E-02  .1380108473041E+06
RR1 0            .10000000E-01
  .1404698345381E+06  .1984973561145E-02  .1389733181237E+06
RR1 1            .10000000E-01
  .1414513761542E+06  .1998000770054E-02  .1399548597356E+06
RR1 2            .10000000E-01
  .1424516569101E+06  .2011064797748E-02  .1409551404861E+06
RR1 3            .10000000E-01
  .1434709580967E+06  .2024142209732E-02  .1419744416682E+06
RR1 4            .10000000E-01
  .1445098829147E+06  .2037231873238E-02  .1430133664810E+06
RR1 5            .10000000E-01
  .1455687630780E+06  .2050319490648E-02  .1440722466395E+06
RR1 6            .10000000E-01
  .1466479605344E+06  .2063395775341E-02  .1451514440911E+06
RR1 7            .10000000E-01
  .1477471372172E+06  .2076442883858E-02  .1462506207687E+06
RR1 8            .10000000E-01
  .1488666759477E+06  .2089441971287E-02  .1473701594943E+06
RR1 9            .10000000E-01
  .1500070014442E+06  .2102383693191E-02  .1485104849858E+06
RR110            .10000000E-01
  .1511684989831E+06  .2115252447679E-02  .1496719825197E+06
RR111            .10000000E-01
  .1523516460743E+06  .2128036000307E-02  .1508551296059E+06
RR112            .10000000E-01
  .1535560122258E+06  .2140715916550E-02  .1520594957521E+06
RR113            .10000000E-01
  .1547828298067E+06  .2153271350834E-02  .1532863133284E+06
RR114            .10000000E-01
  .1560317682887E+06  .2165698159231E-02  .1545352518050E+06
RR115            .10000000E-01
  .1573031866100E+06  .2177964228151E-02  .1558066701216E+06
RR116            .10000000E-01
  .1585967695009E+06  .2190059346175E-02  .1571002530071E+06
RR117            .10000000E-01
  .1599137276602E+06  .2201955175846E-02  .1584172111617E+06
RR118            .10000000E-01
  .1612537201777E+06  .2213649183929E-02  .1597572036740E+06
RR119            .10000000E-01
  .1626172284345E+06  .2225106050773E-02  .1611207119261E+06
RR120            .10000000E-01
  .1640047300864E+06  .2236317893880E-02  .1625082135731E+06
RR121            .10000000E-01
  .1654157336728E+06  .2247260973601E-02  .1639192171544E+06
RR122            .10000000E-01
  .1668506328751E+06  .2257908591877E-02  .1653541163519E+06
RR123            .10000000E-01
  .1683099205553E+06  .2268245193706E-02  .1668134040272E+06
RR124            .10000000E-01
  .1697941390429E+06  .2278250617472E-02  .1682976225102E+06
RR125            .10000000E-01
  .1713028033204E+06  .2287908390098E-02  .1698062867827E+06
RR126            .10000000E-01
  .1728363999866E+06  .2297187366580E-02  .1713398834444E+06
RR127            .10000000E-01
  .1743954418664E+06  .2306073959384E-02  .1728989253195E+06
RR128            .10000000E-01
  .1759800179696E+06  .2314547393103E-02  .1744835014182E+06
RR129            .10000000E-01
  .1775900079211E+06  .2322586463664E-02  .1760934913652E+06
RR130            .10000000E-01
  .1792261573443E+06  .2330165571050E-02  .1777296407840E+06
RR131            .10000000E-01
  .1808888278052E+06  .2337271336353E-02  .1793923112407E+06
RR132            .10000000E-01
  .1825773479188E+06  .2343885233901E-02  .1810808313499E+06
RR133            .10000000E-01
  .1842920223588E+06  .2349977979439E-02  .1827955057860E+06
RR134            .10000000E-01
  .1860328936883E+06  .2355535802875E-02  .1845363771113E+06
RR135            .10000000E-01
  .1878012563237E+06  .2360530659545E-02  .1863047397431E+06
RR136            .10000000E-01
  .1895963699998E+06  .2364962276470E-02  .1880998534154E+06
RR137            .10000000E-01
  .1914181517360E+06  .2368798235854E-02  .1899216351478E+06
RR138            .10000000E-01
  .1932675530967E+06  .2372019820224E-02  .1917710365051E+06
RR139            .10000000E-01
  .1951447848717E+06  .2374616421544E-02  .1936482682767E+06
RR140            .10000000E-01
  .1970500372401E+06  .2376569030378E-02  .1955535206420E+06
RR141            .10000000E-01
  .1989824317122E+06  .2377869828703E-02  .1974859151109E+06
RR142            .10000000E-01
  .2009417505158E+06  .2378495576432E-02  .1994452339116E+06
RR143            .10000000E-01
  .2029288266255E+06  .2378427762345E-02  .2014323100187E+06
RR144            .10000000E-01
  .2049437898630E+06  .2377660032691E-02  .2034472732536E+06
RR145            .10000000E-01
  .2069863427972E+06  .2376180783786E-02  .2054898261855E+06
RR146            .10000000E-01
  .2090572433469E+06  .2373969845781E-02  .2075607267332E+06
RR147            .10000000E-01
  .2111572301818E+06  .2371018088920E-02  .2096607135661E+06
RR148            .10000000E-01
  .2132848178220E+06  .2367332136019E-02  .2117883012046E+06
RR149            .10000000E-01
  .2154411213673E+06  .2362878157440E-02  .2139446047484E+06
RR150            .10000000E-01
  .2176257178086E+06  .2357666517625E-02  .2161292011884E+06
RR151            .10000000E-01
  .2198381321848E+06  .2351686066418E-02  .2183416155636E+06
RR152            .10000000E-01
  .2220789784084E+06  .2344923261949E-02  .2205824617865E+06
RR153            .10000000E-01
  .2243483596882E+06  .2337377333376E-02  .2228518430658E+06
RR154            .10000000E-01
  .2266462150843E+06  .2329043337296E-02  .2251496984616E+06
RR155            .10000000E-01
  .2289730886511E+06  .2319911604063E-02  .2274765720284E+06
RR156            .10000000E-01
  .2313278761593E+06  .2309994632251E-02  .2298313595369E+06
RR157            .10000000E-01
  .2337110592816E+06  .2299275437901E-02  .2322145426598E+06
RR158            .10000000E-01
  .2361231104252E+06  .2287753862850E-02  .2346265938044E+06
RR159            .10000000E-01
  .2385633628938E+06  .2275437979990E-02  .2370668462741E+06
RR160            .10000000E-01
  .2410316995817E+06  .2262323662847E-02  .2395351829636E+06
RR161            .10000000E-01
  .2435274085014E+06  .2248420042471E-02  .2420308918851E+06
RR162            .10000000E-01
  .2460508737991E+06  .2233719228409E-02  .2445543571850E+06
RR163            .10000000E-01
  .2486035642593E+06  .2218210226940E-02  .2471070476478E+06
RR164            .10000000E-01
  .2511841321402E+06  .2201919006354E-02  .2496876155315E+06
RR165            .10000000E-01
  .2537928734326E+06  .2184833794715E-02  .2522963568273E+06
RR166            .10000000E-01
  .2564289750091E+06  .2166971282223E-02  .2549324584073E+06
RR167            .10000000E-01
  .2590921339586E+06  .2148332501585E-02  .2575956173608E+06
RR168            .10000000E-01
  .2617831222928E+06  .2128911475733E-02  .2602866056994E+06
RR169            .10000000E-01
  .2645015857291E+06  .2108720685619E-02  .2630050691405E+06
RR170            .10000000E-01
  .2672476442830E+06  .2087759369687E-02  .2657511276997E+06
RR171            .10000000E-01
  .2700208850255E+06  .2066037588928E-02  .2685243684478E+06
RR172            .10000000E-01
  .2728203895480E+06  .2043567959567E-02  .2713238729763E+06
RR173            .10000000E-01
  .2756472779176E+06  .2020336141133E-02  .2741507613523E+06
RR174            .10000000E-01
  .2785004798712E+06  .1996365556600E-02  .2770039633129E+06
RR175            .10000000E-01
  .2813801020942E+06  .1971651611375E-02  .2798835855432E+06
RR176            .10000000E-01
  .2842861042441E+06  .1946199577304E-02  .2827895877008E+06
RR177            .10000000E-01
  .2872184127443E+06  .1920012406591E-02  .2857218962093E+06
RR178            .10000000E-01
  .2901764788310E+06  .1893098909264E-02  .2886799623048E+06
RR179            .10000000E-01
  .2931591431573E+06  .1865473199441E-02  .2916626266403E+06
RR180            .10000000E-01
  .2961677416837E+06  .1837114382751E-02  .2946712251764E+06
RR181            .10000000E-01
  .2992020943714E+06  .1808031233168E-02  .2977055778743E+06
RR182            .10000000E-01
  .3022615758407E+06  .1778229056213E-02  .3007650593543E+06
RR183            .10000000E-01
  .3053449583214E+06  .1747719950774E-02  .3038484418462E+06
RR184            .10000000E-01
  .3084530281233E+06  .1716486188012E-02  .3069565116598E+06
RR185            .10000000E-01
  .3115849344801E+06  .1684538646936E-02  .3100884180288E+06
RR186            .10000000E-01
  .3147408014389E+06  .1651866268264E-02  .3132442850005E+06
RR187            .10000000E-01
  .3179203332659E+06  .1618466828919E-02  .3164238168408E+06
RR188            .10000000E-01
  .3211235988057E+06  .1584329061672E-02  .3196270823945E+06
RR189            .10000000E-01
  .3243506347177E+06  .1549441657453E-02  .3228541183209E+06
RR190            .10000000E-01
  .3276001230798E+06  .1513809374482E-02  .3261036066979E+06
RR191            .10000000E-01
  .3308720693699E+06  .1477411969720E-02  .3293755530035E+06
RR192            .10000000E-01
  .3341658695102E+06  .1440239982658E-02  .3326693531599E+06
RR193            .10000000E-01
  .3374814803747E+06  .1402270249668E-02  .3359849640411E+06
RR194            .10000000E-01
  .3408191760449E+06  .1363473495854E-02  .3393226597286E+06
RR195            .10000000E-01
  .3441779412940E+06  .1323835315471E-02  .3426814249954E+06
RR196            .10000000E-01
  .3475576646977E+06  .1283319694293E-02  .3460611484176E+06
RR197            .10000000E-01
  .3509579733591E+06  .1241892175657E-02  .3494614570981E+06
RR198            .10000000E-01
  .3543790257753E+06  .1199502701115E-02  .3528825095340E+06
RR199            .10000000E-01
  .3578200715613E+06  .1156108774092E-02  .3563235553402E+06
RR2 0            .10000000E-01
  .3612803512166E+06  .1111656498999E-02  .3597838350163E+06
RR2 1            .10000000E-01
  .3647599451480E+06  .1066068766390E-02  .3632634289692E+06
RR2 2            .10000000E-01
  .3682575327501E+06  .1019291530195E-02  .3667610166013E+06
RR2 3            .10000000E-01
  .3700000000000E+06  .9999999999994E-03  .3685034838565E+06

GENER----1----*----2----*----3----*----4----*----5----*----6----*----7----*----8

ENDCY
MESHMAKER
RZ2D
RADII
    3
 0.100E-02 0.175E+01 1.751E+00
LOGAR
  200      6.750E+00
LAYER
    1
 0.100E+01
